1492811621 74268 453983 67662 464472 38949 299646 14136 104020 49340 265687 71137 283770 10585 20399 28026 141257
1492811625 74236 453780 67657 464416 38972 299862 14145 104090 49376 265865 71158 283821 10587 20404 28022 141223
1492811627 74217 453690 67691 464671 38977 299970 14146 104092 49376 265883 71180 283899 10592 20411 27997 141092
1492811631 74306 454135 67659 464467 38981 299938 14140 104063 49379 265864 71183 283945 10592 20409 28008 141170
1492811633 74340 454372 67705 464765 38995 300100 14157 104176 49411 266062 71197 283954 10592 20414 27988 141040
1492811637 74314 454236 67502 463416 38967 299873 14147 104109 49348 265694 71137 283746 10587 20407 28016 141202
1492811639 74312 454250 67662 464461 38986 300106 14140 104077 49405 266036 71176 283873 10583 20399 28009 141183
1492811643 74298 454216 67671 464578 38990 300150 14153 104192 49371 265864 71152 283783 10582 20396 27983 141070
1492811645 74279 454116 67666 464560 38987 300063 14151 104173 49369 265881 71158 283849 10588 20412 28005 141151
1492811649 74263 453999 67644 464392 38998 300174 14142 104098 49401 266037 71194 283969 10578 20392 28013 141206
1492811651 74232 453837 67645 464391 38973 299979 14146 104131 49350 265760 71151 283799 10585 20402 27998 141122
1492811655 74248 453940 67704 464799 39007 300263 14138 104085 49337 265704 71202 284000 10585 20403 27998 141120
1492811657 74296 454206 67676 464570 39004 300235 14146 104120 49354 265761 71143 283758 10585 20401 28009 141202
1492811661 74263 453985 67703 464778 38987 300075 14147 104131 49366 265846 71134 283773 10589 20411 27989 141073
1492811663 74285 454184 67706 464857 39013 300318 14132 104017 49400 265970 71179 283929 10599 20431 28003 141158
1492811667 74309 454287 67671 464617 39018 300343 14148 104149 49420 266106 71141 283753 10597 20425 28004 141151
1492811669 74277 454149 67679 464679 39006 300345 14141 104107 49340 265708 71151 283808 10590 20418 28002 141171
1492811673 74318 454397 67672 464628 39038 300620 14135 104058 49336 265708 71170 283870 10586 20408 28003 141196
1492811675 74231 453868 67674 464595 39028 300518 14139 104080 49328 265669 71121 283724 10583 20405 27994 141163
1492811679 72547 443812 67434 462701 38864 298860 13836 100218 48235 257649 69925 278358 10543 20333 27913 140491
1492811681 71399 436989 64648 441587 37978 289414 13852 100362 47640 253345 68247 270975 10549 20351 27502 137320
1492811685 71755 438990 64741 441291 38000 289730 13835 100185 47791 254482 68536 272208 10553 20356 27538 137565
1492811687 72937 445941 67555 463814 39012 300416 14078 103419 48491 259500 69612 276978 10568 20376 27973 141028
1492811691 74105 452911 67693 464620 39034 300584 14109 103879 49327 265663 71014 283313 10575 20387 27967 141057
1492811693 74184 453151 67596 463808 38979 300268 14109 103864 49270 265280 71008 283237 10558 20358 27944 140987
1492811697 74222 453378 67543 463659 39001 300225 14116 103927 49258 265147 70982 283164 10567 20383 27920 140846
1492811699 74280 453892 67596 463833 39028 300422 14117 104000 49315 265612 71134 283781 10562 20371 27910 140822
1492811701 74305 454080 67668 464543 39058 300658 14116 103984 49315 265594 71152 283850 10558 20369 27945 140999
1492811705 74259 453772 67660 464414 39082 300845 14127 104037 49334 265708 71097 283666 10574 20396 27962 141019
1492811707 74239 453668 67710 464787 39099 301027 14133 104059 49322 265625 71165 283911 10580 20405 27977 141062
1492811711 74299 454034 67686 464638 39084 301022 14132 104058 49361 265837 71137 283815 10571 20391 27982 141099
1492811713 74309 454051 67700 464705 39078 301016 14136 104085 49349 265785 71143 283807 10572 20380 27977 141067
1492811717 74287 453940 67694 464710 39059 300832 14132 104054 49377 265895 71163 283853 10581 20399 27989 141132
1492811719 74310 454125 67694 464725 39086 301102 14130 104020 49402 266045 71124 283749 10584 20404 27988 141129
1492811723 74285 454035 67682 464645 39052 300727 14141 104136 49318 265603 71113 283677 10577 20393 27972 141053
1492811725 74274 453961 67700 464769 39087 301081 14132 104070 49346 265783 71170 283942 10579 20401 27975 141082
1492811729 74300 454146 67674 464566 39093 301152 14136 104077 49360 265804 71143 283812 10577 20389 27971 141028
1492811731 74262 453892 67722 464955 39064 300913 14149 104178 49324 265638 71133 283759 10584 20403 27995 141165
1492811735 74333 454297 67771 465303 39093 301144 14138 104096 49344 265693 71096 283620 10583 20395 27988 141109
1492811737 74141 453188 65118 445237 38260 292292 14034 102715 48471 259358 70456 280748 10578 20388 27803 139676
1492811741 71560 437738 64750 442426 38069 290346 13831 100102 47590 252942 68379 271554 10540 20325 27515 137486
1492811743 71496 437290 64532 438472 38168 291302 13853 100529 47728 254011 68439 271791 10543 20336 27508 137516
1492811747 74167 453120 66910 458668 38752 297390 13940 101664 48251 257827 69252 275401 10553 20351 27645 138545
1492811749 74292 453912 67694 464631 39075 300969 14114 103967 49302 265515 71060 283507 10566 20365 27961 141023
1492811753 74242 453521 67605 464085 39061 300788 14139 104090 49328 265587 71066 283434 10590 20409 27972 140978
1492811755 74177 453225 67667 464219 39074 300896 14141 104073 49317 265512 71042 283361 10584 20392 27990 141056
1492811759 74229 453481 67715 464916 39096 301022 14136 104046 49312 265507 71170 283879 10581 20388 28002 141128
1492811761 74271 453750 67726 465048 39100 301084 14129 104023 49345 265740 71183 283938 10588 20399 28011 141193
1492811765 74273 453749 67759 465260 39085 300977 14150 104179 49393 266005 71155 283837 10591 20410 28012 141192
1492811767 74286 453874 67687 464745 39106 301157 14146 104168 49381 265947 71200 283972 10587 20403 28004 141170
1492811771 74269 453771 67759 465241 39107 301218 14144 104144 49371 265861 71197 283995 10590 20411 28006 141169
1492811773 74304 453997 67707 464898 39103 301152 14147 104176 49377 265897 71254 284191 10585 20403 28003 141152
1492811777 74333 454131 67727 465025 39104 301174 14140 104120 49339 265683 71243 284159 10588 20403 27985 141068
1492811779 74250 453707 67752 465134 39080 300984 14153 104217 49389 265965 71227 284122 10595 20421 28012 141217
1492811783 74254 453746 67722 464955 39100 301207 14136 104105 49351 265760 71251 284197 10585 20396 27980 141055
1492811785 74296 453943 67738 465065 39098 301193 14122 104011 49356 265815 71166 283883 10585 20397 27999 141194
1492811789 74259 453765 67729 465085 39063 300932 14141 104171 49352 265774 71230 284108 10580 20390 27967 141066
1492811791 74230 453656 67741 465171 39091 301201 14131 104127 49356 265838 71228 284112 10572 20371 27938 141011
1492811795 74269 453855 67780 465460 39082 301112 14136 104186 49346 265746 71159 283843 10566 20363 27961 141107
1492811797 72254 441919 66342 454563 38893 299139 13869 100716 48758 261397 70796 282178 10551 20337 27712 139084
1492811801 71515 437545 64516 440862 37860 288142 13827 100264 47541 252614 68340 271313 10549 20338 27476 137225
1492811803 71292 435529 64928 443387 38061 290318 13809 100059 47792 254337 68472 271847 10540 20297 27540 137676
1492811807 73323 448058 66119 452678 38373 293318 14052 103170 48211 257454 69304 275489 10544 20296 27719 139088
1492811809 74283 453753 67706 464786 39095 301041 14118 104019 49366 265851 71235 284083 10565 20335 27953 141021
1492811813 74203 453320 67637 464134 39035 300269 14117 103999 49318 265528 71150 283679 10557 20303 27942 140950
1492811815 74239 453359 67717 464489 39072 300749 14122 104046 49349 265694 71147 283721 10573 20350 27945 140948
1492811819 74249 453797 67744 465204 39078 300932 14127 104067 49355 265758 71163 283791 10570 20353 27949 141027
1492811821 74328 454206 67778 465457 39083 301086 14110 103997 49389 266009 71246 284141 10572 20364 27955 141086
1492811825 74304 454118 67735 465162 39096 301034 14128 104138 49367 265907 71208 284007 10569 20355 27950 141056
1492811827 74264 453867 67799 465551 39098 301120 14128 104131 49408 266113 71221 284026 10571 20361 27963 141125
1492811831 74301 454105 67795 465546 39091 301057 14127 104164 49391 266029 71262 284196 10568 20354 27927 140929
1492811833 74276 453905 67744 465146 39103 301207 14136 104216 49378 265967 71248 284110 10575 20368 27968 141124
1492811837 74277 453916 67770 465330 39085 301035 14140 104258 49395 266023 71210 283966 10572 20363 27965 141089
1492811839 74313 454120 67720 465111 39104 301250 14134 104217 49414 266145 71223 284051 10573 20367 27954 141035
1492811843 74306 454078 67805 465666 39105 301274 14132 104206 49389 266038 71265 284206 10570 20361 27970 141110
1492811845 74252 453769 67802 465659 39094 301187 14130 104212 49441 266327 71198 283932 10570 20364 27949 141052
1492811849 74326 454195 67720 465052 39104 301295 14123 104113 49385 266004 71211 283996 10571 20362 27951 141050
1492811851 74311 454122 67770 465372 39096 301178 14137 104228 49388 266033 71232 284062 10575 20369 27973 141077
1492811855 74331 454251 67767 465407 39127 301438 14145 104260 49412 266169 71259 284175 10584 20385 28001 141190
1492811857 73908 451721 67663 464601 39131 301487 14105 103652 49127 264073 71002 283002 10588 20393 27682 138657
1492811861 71053 434728 64402 439922 38079 290303 13822 99965 47427 251726 67997 269670 10553 20333 27534 137483
1492811863 71549 437508 64752 442365 38021 289683 13876 100644 47644 253408 68473 271798 10557 20343 27511 137340
1492811867 72318 442171 65310 446484 38854 298329 13958 101711 48040 256188 69117 274651 10563 20354 27794 139515
1492811869 74290 453991 67821 465688 39116 301213 14150 104274 49409 266119 71272 284205 10582 20378 28008 141190
1492811873 74232 453618 67764 465111 39114 301116 14150 104226 49342 265688 71195 283843 10589 20390 27984 141013
1492811875 74250 453678 67757 465176 39111 300990 14146 104181 49355 265775 71202 283863 10583 20377 28003 141115
1492811879 74230 453634 67768 465411 39085 300762 14117 103964 49362 265820 71220 283928 10580 20375 27984 141040
1492811881 74325 454168 67824 465875 39134 301191 14147 104247 49408 266113 71300 284276 10588 20388 28018 141242
1492811885 74292 453984 67812 465790 39119 301191 14155 104294 49405 266138 71214 283972 10590 20393 28003 141151
1492811887 74365 454467 67864 466123 39126 301276 14154 104305 49404 266139 71286 284218 10580 20374 27997 141119
1492811891 74295 454004 67803 465541 39143 301480 14159 104340 49409 266123 71280 284204 10588 20389 28013 141211
1492811893 74295 454000 67838 465817 39117 301304 14153 104289 49411 266159 71231 284019 10581 20375 27999 141138
1492811897 74299 454021 67846 465973 39140 301531 14144 104237 49398 266087 71298 284272 10581 20375 27988 141105
1492811899 74248 453700 67837 465993 39143 301607 14151 104312 49441 266344 71252 284130 10583 20386 27988 141140
1492811903 74282 453957 67844 466057 39117 301501 14141 104275 49391 266065 71321 284392 10562 20353 27953 141088
1492811905 74244 453818 67770 465635 39121 301588 14096 104038 49408 266218 71271 284188 10551 20330 27902 140968
1492811909 74229 453742 67824 466019 39068 301219 14110 104183 49370 266021 71191 283906 10532 20291 27895 140947
1492811911 74275 454004 67807 465927 39069 301369 14096 104085 49351 266001 71232 284066 10513 20255 27883 140881
1492811915 74150 453447 67752 465696 39011 301147 13979 103639 49183 265378 71074 283566 10467 20086 27778 140535
1492811917 74069 453167 67644 465337 38569 297851 13865 103251 48970 264223 70909 282890 10245 19620 27562 140066
1492811921 71420 434621 64565 442054 37609 287571 13615 99592 47124 250830 67814 269045 10269 19649 27081 136409
1492811923 71479 436940 64706 442957 37934 290697 13618 99583 47596 253720 68459 271809 10309 19733 27092 136509
1492811927 73425 449281 66703 457931 38132 292825 13762 101876 47720 254654 68723 272968 10293 19687 27364 138667
1492811929 74062 453242 67509 464346 38790 300223 13897 103179 49202 265312 71086 283518 10322 19713 27650 140106
1492811933 74006 452702 67566 464773 38915 300376 14032 103475 49112 265111 70975 283234 10333 19797 27565 139786
1492811935 74065 453264 67510 464431 38926 300488 14020 103352 49139 265163 70938 283061 10337 19806 27603 139887
1492811939 74074 453358 67476 464237 38882 300171 13990 103295 49100 265040 70810 282534 10305 19732 27569 139800
1492811941 73875 452949 67314 464095 38736 299982 13646 102191 48736 263785 70791 282491 10180 19442 27207 138713
1492811943 73855 453070 67243 463917 38325 298644 13356 101373 48598 263700 70641 282173 9876 18846 25679 136417
1492811947 74051 453666 67430 464585 38766 300181 13840 102807 49072 265133 70941 283160 10207 19546 27337 139563
1492811949 74010 453483 67422 464538 38687 299865 13817 102789 49024 264933 70887 282912 10167 19418 27291 139416
1492811953 74082 453742 67498 464843 38776 300200 13887 103049 49131 265428 70949 283106 10265 19569 27387 139740
1492811955 74007 453307 67436 464544 38755 300255 13853 102938 49059 265072 71009 283355 10242 19510 27373 139720
1492811959 74071 453837 67458 464741 38717 300116 13833 102832 49038 265025 70928 283047 10219 19444 27328 139558
1492811961 74062 453760 67438 464628 38744 300226 13861 102949 49085 265278 70974 283230 10237 19512 27360 139679
1492811965 74015 453454 67461 464738 38726 300115 13862 103002 49095 265385 70970 283208 10238 19517 27348 139626
1492811967 74058 453730 67450 464662 38695 300119 13857 102937 49024 265060 70901 282974 10188 19421 27210 139315
1492811971 73597 452259 66978 463032 38544 299637 13575 101589 48872 264306 70742 282244 9981 19087 26884 138448
1492811973 74047 453793 67421 464448 38869 300615 13750 102407 48932 264412 70866 282519 10291 19669 27455 140045
1492811977 73170 448106 66375 455956 38932 300917 13977 103051 49209 265762 71076 283650 10336 19820 27502 140223
1492811979 71148 436063 64331 440377 37736 288819 13692 99143 47415 252569 67990 269883 10206 19638 26834 135834
1492811983 71445 437813 64573 442436 37802 290119 13612 99729 47479 253765 68344 271721 10102 19395 26785 135809
1492811985 72471 444022 65687 450860 37873 290639 13608 99942 47607 254755 68470 272313 10059 19298 26768 135963
1492811989 74090 453739 67477 464396 38796 300188 13831 102883 49068 265218 70776 282614 10130 19442 27267 139382
1492811991 74126 453799 67473 464200 38917 300573 14042 103494 49230 265641 71026 283334 10367 19867 27602 140268
1492811995 73697 451908 67116 462151 38423 298580 13596 101969 48708 263675 70499 281526 9790 18343 26738 137485
1492811997 73944 452792 67377 463782 38840 300246 14113 103847 49010 265047 71015 283596 10012 19108 27178 139003
1492812001 74502 455320 67807 465865 39161 301604 14254 104408 49477 266804 71340 284769 10518 20323 27798 141003
1492812003 74492 455401 67832 466202 39066 301312 13998 103413 49396 266611 71318 284705 10452 20199 27636 140558
1492812007 74140 454150 67465 464794 38670 300018 13649 102266 48977 265061 70782 282544 10154 19049 27383 139414
1492812009 74175 454338 67473 464778 38626 299819 13655 102299 48908 264802 70825 282755 10145 19064 27341 139196
1492812013 74163 454290 67498 464829 38655 299868 13730 102576 48955 264903 70840 282791 10182 19200 27364 139317
1492812015 74182 454311 67487 464729 38624 299810 13756 102656 48990 265098 70870 282850 10184 19200 27367 139322
1492812019 74123 454194 67390 464252 38518 299487 13578 101939 48840 264566 70693 282253 10085 18923 27289 139003
1492812021 74382 455010 67698 465513 38689 299895 13909 103032 49303 266220 71089 283901 10348 19963 27525 140275
1492812025 74487 455422 67847 466201 39107 301354 14149 103805 49466 266869 71326 284759 10475 20280 27701 140954
1492812027 74229 454438 67590 465163 38884 300673 13863 102917 49047 265318 70886 283272 10144 19492 27258 139517
1492812031 74260 454721 67606 465321 38750 300282 13793 102663 49060 265441 70897 283276 10146 19470 27287 139591
1492812033 74279 454807 67621 465395 38850 300665 13986 103282 49063 265473 71011 283767 10148 19494 27295 139666
1492812037 74438 455086 67828 466067 39100 301380 14184 103998 49430 266681 71329 284802 10466 20256 27673 140791
1492812039 71666 438543 64517 441037 37956 289073 13914 100267 47880 255348 68495 272218 10445 20231 27209 137065
1492812043 71721 438985 64604 441922 37966 289723 13730 99879 47459 253839 68264 271532 10067 19039 26820 135743
1492812045 71748 439411 64839 444682 37802 291651 13352 98812 47458 254011 68600 272282 10198 18924 27058 136090
1492812049 73772 452121 67266 463489 38455 298916 13583 101881 48867 264576 70616 281382 10202 18971 27203 138702
1492812051 73880 453029 67151 462844 38379 298650 13501 101624 48712 263880 70497 281366 9848 18458 26874 137784
1492812055 73941 453444 67169 463174 38262 298415 13424 101288 48681 263712 70554 281576 9841 18457 26807 137566
1492812057 73891 453183 67167 463276 38319 298509 13499 101573 48713 263784 70557 281623 9844 18409 26830 137603
1492812061 73932 453549 67263 464135 38256 298418 13453 101555 48687 263977 70581 281817 9746 18252 26722 137391
1492812063 74250 454755 67594 465236 38884 300524 14011 103465 49252 266222 70975 283355 10286 19872 27445 139987
1492812067 74510 455690 67785 465851 39067 301057 14091 103813 49342 266570 71243 284555 10322 20006 27473 140205
1492812069 74502 455521 67857 466277 39074 301054 14202 104108 49456 266823 71344 284908 10405 20160 27660 140806
1492812073 74566 455887 67861 466340 39122 301297 14221 104185 49504 267076 71396 285101 10484 20281 27684 140950
1492812075 74588 456048 67844 466182 39117 301298 14214 104167 49467 266896 71423 285157 10485 20284 27670 140923
1492812079 74536 455870 67855 466361 39058 301039 14172 104028 49468 267012 71380 285009 10466 20215 27708 140881
1492812081 74460 455642 67640 465321 38833 300160 14141 103952 49226 265897 71182 284057 10347 19840 27602 140487
1492812085 74195 454627 67494 464761 38711 299612 13877 102647 49235 265619 71271 283915 10357 19342 27618 139884
1492812087 74172 454640 67451 464578 38686 299455 13875 102657 49195 265421 71152 283399 10343 19310 27619 139937
1492812091 74186 454734 67475 464693 38717 299605 13898 102712 49223 265562 71251 283777 10353 19308 27620 139910
1492812093 74175 454672 67505 464859 38692 299443 13876 102602 49255 265756 71284 283901 10348 19276 27601 139801
1492812097 74200 454865 67520 465100 38719 299542 13974 103096 49247 265792 71240 283916 10360 19397 27618 140025
1492812099 72913 446357 65606 449457 38092 290877 13850 99860 48098 257191 68890 273815 10444 20099 27214 136604
1492812103 71941 439582 64886 443883 38085 290510 13872 100019 47794 254859 68748 273232 10463 20146 27278 136978
1492812105 72376 442278 65292 445903 38207 291784 13937 100836 48002 256350 69102 274715 10472 20156 27380 137748
1492812109 74562 455917 67887 466532 38847 298590 14166 103791 49480 267094 71050 283350 10485 20170 27737 140632
1492812111 74615 456131 67812 465919 38986 300437 14060 103534 49433 266860 71259 284527 10475 20157 27519 140118
1492812115 74149 454943 67425 464567 38182 298459 12899 100376 47629 260152 70266 280504 9096 16603 26256 136147
1492812117 74117 454714 67273 464374 37956 297915 12445 99296 47849 260744 69619 277331 8918 16226 26697 137198
1492812119 74482 456122 67657 466114 38344 299394 13151 101091 48943 264012 71193 282637 10152 18605 27579 139792
1492812123 74245 455206 67381 465156 37893 297983 12764 100012 48177 260785 70602 280587 9748 17580 27004 137791
1492812125 74257 455173 67382 465097 37875 297814 12754 99845 48292 261296 70578 280517 9763 17581 26970 137497
1492812129 74283 455383 67406 465204 37926 297924 12816 100107 48366 261461 70651 280720 9890 17821 27069 137906
1492812131 74239 455347 67346 464964 37788 297441 12627 99541 48385 261592 70665 280789 9885 17819 27076 137926
1492812135 74303 455579 67402 464952 37937 297981 12804 100030 48552 261964 70651 281352 9905 18125 27041 138111
1492812137 74282 455454 67330 464680 37874 297757 12863 100178 48517 261916 70731 281588 9919 18152 27006 137815
1492812141 74224 455256 67338 465005 37733 297416 12600 99127 48459 261294 70701 281386 9904 17902 27064 137834
1492812143 73989 454528 67329 464844 37715 297586 12543 98876 48243 260470 70460 280410 9607 17056 27043 137712
1492812147 73870 454376 66403 460659 36968 295230 12142 96301 47712 258857 69579 277592 8709 14803 25958 133306
1492812149 73758 453863 66344 460289 36871 294821 12015 96087 47598 258587 69440 276634 9029 14692 26265 134078
1492812153 73715 453950 66273 460077 36760 294386 11918 95652 47600 258684 69402 276314 9074 14566 26523 134209
1492812155 73702 453820 66287 460107 36846 294732 12050 95858 47767 259123 69606 277305 9023 15060 26404 134031
1492812159 70606 435040 65432 453615 36495 290819 11923 94034 46626 250990 67283 266923 9033 14973 25870 130102
1492812161 71296 438862 63567 439301 35976 285049 11884 92806 46297 247936 66908 265380 9062 15572 25984 131200
1492812165 71648 440558 64040 441418 36466 287164 12207 94802 46764 249801 67835 269207 9142 16607 25831 132016
1492812167 74128 454861 66752 461240 37489 296799 12330 97913 47982 259539 69457 276446 9261 16750 26432 135452
1492812171 74152 455186 66749 461480 37452 296944 12308 98054 47991 259846 69869 278543 9257 16347 26444 135339
1492812173 74070 454425 66801 460980 37654 297154 12476 98245 48189 260119 70147 279221 9350 16666 26718 136326
1492812177 74491 456033 67178 462910 37904 298469 12804 99306 48950 262433 70988 282251 9877 18291 27491 139770
1492812179 74095 454598 66805 461325 37560 297135 12418 98466 48168 260339 70092 279356 9442 16755 26751 136510
1492812183 74526 456344 67277 463483 37940 298622 12930 99683 49184 263427 71022 282486 10391 19452 27406 139512
1492812185 74574 456450 67327 463628 37998 298909 12973 99786 49217 263442 71355 283649 10428 19519 27708 140355
1492812189 74566 456380 67347 463700 38005 298895 12991 99891 49199 263297 71423 283891 10427 19520 27742 140529
1492812191 74618 456291 67360 463606 38019 299002 12999 99904 49227 263421 71419 283827 10443 19506 27738 140436
1492812195 74609 456584 67310 463616 38036 299140 13007 99973 49218 263451 71377 283705 10435 19499 27700 140296
1492812197 74477 456083 67174 463282 37839 298294 12811 99268 49019 262928 71235 283241 10167 18455 27574 140006
1492812201 73960 454288 66668 460901 37459 296087 12733 97674 48909 262426 71152 282047 10315 18656 27584 139410
1492812203 74700 457089 67314 463975 37958 299164 12912 99688 49032 262960 71225 282977 10390 19245 27498 139572
1492812207 74694 456944 67371 464177 37987 299231 12964 99897 49145 263364 71356 283408 10420 19293 27701 140246
1492812209 74729 457128 67305 463668 37998 299275 12953 99812 49157 263404 71292 283186 10423 19303 27711 140304
1492812213 74707 456963 67358 464037 37987 299174 12968 99916 49147 263369 71368 283456 10423 19299 27701 140244
1492812215 74753 457216 67372 464115 38001 299294 12936 99675 49092 263009 71322 283301 10428 19309 27695 140174
1492812219 72542 444013 64592 443224 36981 288518 12674 96116 48267 256920 69254 274097 10374 19224 27548 139047
1492812221 71937 440382 64564 442953 36950 288270 12668 96140 47586 252009 68557 271037 10385 19251 27255 136877
1492812225 72235 442218 65004 446403 37034 289592 12611 96409 47515 252072 68621 271543 10320 19138 27083 136607
1492812227 73332 450027 66354 458403 37285 294618 12722 97737 48791 262080 70212 277810 10216 18120 27485 138981
1492812231 74424 455828 67358 465099 37725 297859 12853 99377 48931 262707 71061 282153 10266 18711 27564 139667
1492812233 74449 456077 67342 464580 37774 297893 12875 99319 48884 262334 71062 282098 10297 18787 27530 139379
1492812237 74176 455105 66985 463029 37512 296821 12749 98810 48508 261091 70867 280936 10145 17808 27415 138503
1492812239 73481 453204 66086 460603 35810 292776 11300 93834 48648 261616 70475 279089 9986 17112 27404 138610
1492812243 71711 448057 64259 454446 33125 285680 9224 85715 47139 254622 70225 277835 10066 17640 27464 139039
1492812245 71597 447414 64282 454316 33242 285628 9417 86436 47087 254705 70111 277556 10033 17534 27467 139142
1492812247 72021 448883 64963 456655 34295 288542 10134 89724 47657 258073 70028 276979 9858 16520 27252 138004
1492812251 74061 454751 67159 463947 37625 297747 12782 98599 48846 262406 71052 281851 10273 18480 27508 139179
1492812253 73212 452083 65929 459626 36000 292580 10755 92926 46061 253080 69642 274715 9675 14836 27101 136684
1492812257 72455 448531 65293 458096 35426 291510 9937 90899 45355 251979 68820 271448 9359 13396 26846 135637
1492812259 72406 448979 64958 455793 35522 291808 10123 91432 45612 252553 68933 271671 9424 13580 26942 135971
1492812263 72363 449414 64951 456155 35380 291525 9964 91036 45370 251883 68776 271302 9341 13342 26865 135675
1492812265 72398 450353 65253 457726 35453 291530 9997 91034 45334 251991 68747 271116 9358 13313 26898 135730
1492812269 72499 450455 65291 457913 35051 290134 9456 89420 45325 250358 69106 271241 9654 14123 27256 136948
1492812271 73296 452431 66341 461211 36632 294531 11387 94309 47288 256988 70088 276892 9748 15480 27152 136457
1492812275 73766 453480 66663 461846 37301 296339 12547 97153 48587 260541 70864 279580 10282 17339 27624 138412
1492812277 73108 449007 65557 452743 37061 292738 12528 96205 48219 256923 69250 272619 10337 17883 27458 137129
1492812281 71470 438989 63734 439236 36380 285378 12184 94281 46668 247959 67843 266563 10153 17073 27029 134051
1492812283 71483 440414 64343 443607 36659 288135 12437 94816 47303 250633 68536 269525 10267 17651 27206 135349
1492812287 72148 443680 65346 451057 36914 290914 12503 95655 47557 252473 69896 275516 10268 17591 27338 136343
1492812289 73940 454034 66851 462639 37516 297261 12685 98010 48717 260985 70940 280169 10285 17605 27586 138308
1492812293 73762 453100 66814 462186 37466 296864 12667 97867 48664 260657 70861 279861 10275 17568 27590 138293
1492812295 73761 452952 66855 462370 37495 296949 12646 97903 48618 260489 70902 279991 10295 17587 27587 138279
1492812299 73805 453277 66818 462745 37509 297199 12603 97922 48469 260123 70757 279288 10222 17186 27541 137843
1492812301 73928 453739 66980 463602 37565 297495 12625 98147 48629 260766 70914 279998 10234 17338 27645 138606
1492812305 74322 455025 67377 464923 37914 299229 12805 98910 48835 261575 71038 280702 10468 18621 27775 139525
1492812307 74413 455411 67376 464887 37939 299423 12818 98885 48937 261772 71219 281732 10495 18759 27871 139975
1492812311 74332 455110 67366 465024 37883 299115 12813 98785 48921 261708 71223 281692 10473 18651 27821 139749
1492812313 74345 455197 67368 464974 37876 298912 12805 98728 48958 261816 71143 281374 10486 18670 27833 139767
1492812317 74229 454745 67256 464220 37825 298682 12784 98535 48975 261925 71230 281675 10477 18615 27843 139772
1492812319 74305 455146 67297 464559 37857 298978 12800 98681 48958 261843 71226 281704 10476 18626 27848 139859
1492812323 74322 455232 67267 464365 37859 298974 12799 98671 48997 262011 71162 281465 10479 18632 27845 139836
1492812325 74304 454936 67340 464721 37853 298834 12799 98657 48979 261886 71255 281830 10482 18666 27853 139887
1492812329 74290 455028 67337 464895 37856 299019 12805 98739 48937 261799 71168 281473 10461 18583 27817 139772
1492812331 74122 454412 67196 464217 37704 298229 12771 98479 48872 261648 71102 281143 10392 18357 27740 139465
1492812335 74262 455001 67257 464408 37812 298804 12781 98516 48959 261812 71157 281357 10442 18504 27772 139574
1492812337 74332 455141 67215 463940 37874 299077 12812 98738 48744 260171 69656 274808 10479 18661 27542 137576
1492812341 71301 437060 64201 441284 36735 287067 12487 94641 47004 247655 68144 268096 10433 18573 27333 135908
1492812343 71938 441066 64782 445549 36980 289572 12537 95309 47527 251416 68728 270735 10439 18593 27413 136605
1492812347 73844 452269 64850 446015 37688 296922 12715 97589 47607 251995 69835 275627 10456 18622 27589 137954
1492812349 74246 454681 67300 464613 37843 298688 12786 98540 48951 261793 71119 281312 10466 18638 27812 139712
1492812353 74192 454392 67242 464123 37836 298550 12803 98632 48939 261649 71063 281112 10471 18659 27789 139587
1492812355 74165 454129 67175 463706 37831 298469 12805 98651 48921 261546 71046 281029 10462 18644 27806 139676
1492812359 74146 454078 67243 464314 37808 298376 12796 98570 48916 261564 71087 281164 10465 18632 27803 139669
1492812361 74276 454889 67298 464746 37852 298783 12796 98609 48983 261969 71159 281498 10465 18637 27794 139649
1492812365 74321 455193 67296 464629 37861 298861 12790 98593 48909 261625 71127 281366 10459 18629 27799 139676
1492812367 74241 454665 67299 464630 37854 298906 12780 98504 48948 261817 71075 281190 10458 18627 27796 139684
1492812371 74256 454817 67241 464214 37863 298973 12802 98676 48939 261820 71192 281627 10465 18650 27801 139722
1492812373 74297 454991 67275 464406 37849 298795 12810 98725 48909 261632 71126 281367 10468 18666 27820 139831
1492812377 74316 455125 67135 463545 37857 298808 12794 98575 48972 261907 71148 281466 10471 18662 27819 139810
1492812379 74321 455184 66838 461515 37858 298857 12790 98531 48963 261889 71196 281623 10462 18632 27809 139714
1492812383 74260 454866 66883 461809 37842 298702 12806 98639 48942 261761 71094 281245 10460 18608 27805 139702
1492812385 74262 454903 66852 461616 37850 298778 12794 98547 48951 261818 71132 281386 10471 18634 27805 139690
1492812389 74296 454895 66903 461732 37888 298945 12805 98621 48953 261621 71115 281340 10497 18752 27845 139842
1492812391 74304 454813 66960 462000 37925 299005 12809 98657 48995 261842 71096 281311 10507 18814 27855 139861
1492812395 74409 455430 66968 462016 37938 299087 12803 98609 49024 261980 71094 281302 10496 18795 27870 139940
1492812397 72816 445959 66902 461531 37469 294091 12768 98103 48910 261220 69942 276172 10504 18816 27854 139868
1492812401 71494 438172 63963 439204 36856 287541 12493 94506 47136 248289 68263 268719 10473 18773 27393 136210
1492812403 71848 440241 64240 441222 37074 289713 12579 95598 47590 251512 68629 270346 10483 18798 27462 136734
1492812407 72920 446592 65893 453839 37344 292473 12616 96065 47622 251681 69701 275091 10490 18810 27682 138474
1492812409 74300 454767 66950 461794 37922 298643 12820 98695 49038 261994 71118 281396 10514 18842 27861 139908
1492812413 74224 454224 66818 460860 37884 298359 12820 98676 48966 261568 71018 281003 10508 18832 27848 139799
1492812415 74257 454483 66846 460937 37886 298419 12818 98664 48938 261347 71128 281422 10517 18840 27864 139885
1492812417 74271 454508 66843 460917 37915 298759 12825 98683 48982 261614 71099 281281 10510 18831 27844 139764
1492812421 74353 455104 67291 464024 37899 298605 12815 98634 48966 261636 71114 281398 10516 18830 27862 139869
1492812423 74362 455197 67305 464133 37908 298796 12817 98651 48985 261731 71139 281467 10507 18801 27848 139793
1492812427 74338 455044 67319 464199 37908 298703 12825 98692 49011 261879 71178 281627 10513 18817 27859 139825
1492812429 74276 454721 67299 464091 37889 298567 12819 98656 48994 261737 71058 281179 10518 18825 27851 139798
1492812433 74315 454939 67264 463924 37908 298722 12816 98608 49019 261899 71130 281437 10511 18806 27846 139766
1492812435 74287 454723 66868 461265 37894 298559 12823 98689 48967 261564 71047 281144 10506 18810 27851 139782
1492812439 74258 454592 66922 461635 37873 298396 12812 98604 48984 261679 71122 281401 10515 18828 27862 139841
1492812441 74323 454950 66929 461676 37884 298428 12812 98581 48982 261703 71118 281377 10517 18826 27856 139794
1492812445 74347 455073 66892 461385 37896 298569 12818 98619 48958 261550 71080 281281 10507 18808 27862 139852
1492812447 74351 455103 66903 461430 37883 298472 12817 98659 48991 261750 71171 281609 10515 18835 27837 139729
1492812451 74256 454686 66836 461061 37877 298399 12809 98580 48942 261463 71139 281506 10511 18813 27865 139893
1492812453 74242 454588 66903 461426 37865 298290 12803 98514 48988 261743 71114 281388 10512 18814 27872 139930
1492812457 74112 453821 66894 461369 37878 298336 12809 98570 48969 261614 71185 281671 10515 18826 27847 139805
1492812459 71181 436365 63464 435482 36858 287530 12609 95982 47194 248798 68071 267924 10484 18782 27459 136714
1492812463 71501 437984 63985 439428 36988 288804 12548 95218 47533 251116 68475 269684 10481 18776 27444 136606
1492812465 72018 441501 64663 444587 37013 288986 12568 95478 47578 251441 69434 273959 10481 18770 27476 136863
1492812469 74213 454464 66827 460968 37722 296567 12808 98572 49000 261751 71111 281382 10506 18820 27865 139920
1492812471 74174 453923 67282 463815 37834 297781 12810 98585 48951 261446 71104 281382 10510 18830 27848 139826
1492812473 74202 454361 67165 463186 37840 297861 12804 98523 48934 261370 71003 280924 10510 18825 27857 139857
1492812477 74225 454476 67175 463288 37813 297656 12802 98501 48923 261267 71029 281014 10512 18831 27857 139847
1492812479 74264 454728 67278 464175 37868 298191 12818 98661 48985 261716 71118 281400 10516 18838 27856 139887
1492812483 74287 454865 67254 464007 37864 298142 12807 98563 48940 261429 71112 281388 10510 18825 27858 139882
1492812485 74270 454783 67286 464244 37837 297888 12794 98453 48995 261751 71113 281368 10516 18841 27867 139937
1492812489 74322 455030 67276 464146 37870 298159 12797 98483 48975 261647 71126 281491 10508 18824 27856 139884
1492812491 74300 454980 67224 463779 37841 297920 12816 98660 48975 261642 71142 281542 10502 18818 27871 139984
1492812495 74282 454920 67231 463785 37864 298178 12801 98547 48988 261725 71105 281367 10502 18821 27867 139968
1492812497 74308 455021 67266 464022 37869 298226 12814 98623 48938 261445 71123 281468 10505 18828 27850 139886
1492812501 74226 454564 67234 463720 37852 298068 12809 98603 48981 261693 71149 281545 10506 18829 27842 139847
1492812503 74292 454938 67257 463953 37874 298270 12816 98633 48979 261629 71130 281492 10496 18812 27849 139879
1492812507 74296 454938 67250 463900 37867 298184 12808 98575 48975 261640 71180 281662 10499 18817 27852 139904
1492812509 74248 454649 67215 463692 37845 298048 12806 98567 48965 261589 71189 281683 10501 18802 27828 139756
1492812513 74296 454957 67222 463793 37854 298097 12807 98559 48968 261635 71137 281504 10498 18804 27851 139901
1492812515 74305 455012 67167 463391 37858 298197 12808 98581 48946 261460 71156 281551 10496 18793 27836 139846
1492812519 72314 443249 64545 443534 37364 292994 12473 94323 47421 250415 67888 267107 10469 18761 27359 136101
1492812521 71782 440017 64107 440221 36888 287905 12506 94741 47187 248742 68410 269364 10473 18767 27361 136064
1492812525 71986 441341 64692 444507 36996 289076 12553 95387 47520 251091 68782 271010 10471 18767 27451 136778
1492812527 73394 449547 66589 458922 37832 297740 12797 98484 48500 258210 71050 281137 10484 18783 27746 139159
